N:13
T:3
C:3

D:
0	60.27	72.52	70.72	81.43	65.61	66.39	56.65	70.44	72.79	71.82	61.13	64.09
60.27	0	12.39	12.67	23.41	6.71	6.27	12.59	10.73	16.51	11.67	10.76	5.8
72.52	12.39	0	9.98	15.82	9.38	6.15	15.93	6.07	13.8	11.9	11.61	10.74
70.72	12.67	9.98	0	11	5.96	9.92	15.86	10.86	4.33	6.14	11.75	7.14
81.43	23.41	15.82	11	0	16.82	19.25	26.76	12.95	8.78	13.18	22.46	18.12
65.61	6.71	9.38	5.96	16.82	0	5.67	9.94	4.9	9.88	6.77	5.8	10.65
66.39	6.27	6.15	9.92	19.25	5.67	0	9.78	6.43	14.25	6.27	5.53	6.35
56.65	12.59	15.93	15.86	26.76	9.94	9.78	0	14.27	19.43	15.29	4.54	8.74
70.44	10.73	6.07	10.86	12.95	4.9	6.43	14.27	0	8.24	11	9.78	6.46
72.79	16.51	13.8	4.33	8.78	9.88	14.25	19.43	8.24	0	10	15.63	10.75
71.82	11.67	11.9	6.14	13.18	6.77	6.27	15.29	11	10	0	10.76	8.31
61.13	10.76	11.61	11.75	22.46	5.8	5.53	4.54	9.78	15.63	10.76	0	4.97
64.09	5.8	10.74	7.14	18.12	10.65	6.35	8.74	6.46	10.75	8.31	4.97	0

Times:
0	447.63
447.63	895.26
895.26	1342.89

Speed:
0.22	0.44	0.22
0.3	0.6	0.3
0.415	0.83	0.415

S:
0 25 1 23 6 19 21 2 22 14 4 15 9
Cost:
510.588
CT:
0.26
C:
0 3 3 3 3 3 3 3 3 3 3 3 3
1 0 1 1 1 1 1 1 1 1 1 1 1
1 1 0 1 1 1 1 1 1 1 1 1 1
1 1 1 0 1 1 1 1 1 1 1 1 1
1 1 1 1 0 1 1 1 1 1 1 1 1
1 1 1 1 1 0 1 1 1 1 1 1 1
1 1 1 1 1 1 0 1 1 1 1 1 1
1 1 1 1 1 1 1 0 1 1 1 1 1
1 1 1 1 1 1 1 1 0 1 1 1 1
1 1 1 1 1 1 1 1 1 0 1 1 1
1 1 1 1 1 1 1 1 1 1 0 1 1
1 1 1 1 1 1 1 1 1 1 1 0 1
1 1 1 1 1 1 1 1 1 1 1 1 0