N:13
T:3
C:3

D:
0	80.84	68.58	69.32	71.03	67.97	77.1	73.47	59.92	83.68	65.37	71.63	73.53
80.84	0	12.31	18.07	13.2	19.44	5.02	15.38	21.63	6.3	15.83	30.22	14.63
68.58	12.31	0	11.95	9.36	12.55	9.42	12.51	9.63	15.67	12.25	25.8	11.84
69.32	18.07	11.95	0	21.23	9.94	18.39	4.23	11.67	16.92	10.24	13.86	4.49
71.03	13.2	9.36	21.23	0	21.9	8.18	21.15	16.89	19.04	12.41	35.09	20.39
67.97	19.44	12.55	9.94	21.9	0	19.53	5.71	11.02	18.45	10.39	13.31	6.01
77.1	5.02	9.42	18.39	8.18	19.53	0	16.74	19.04	11.06	13.29	31.66	15.94
73.47	15.38	12.51	4.23	21.15	5.71	16.74	0	14.99	13.2	12.09	14.97	8.71
59.92	21.63	9.63	11.67	16.89	11.02	19.04	14.99	0	23.77	5.83	22.91	14.75
83.68	6.3	15.67	16.92	19.04	18.45	11.06	13.2	23.77	0	18.38	26.91	12.63
65.37	15.83	12.25	10.24	12.41	10.39	13.29	12.09	5.83	18.38	0	23.64	11.59
71.63	30.22	25.8	13.86	35.09	13.31	31.66	14.97	22.91	26.91	23.64	0	15.76
73.53	14.63	11.84	4.49	20.39	6.01	15.94	8.71	14.75	12.63	11.59	15.76	0

Times:
0	502.55
502.55	1005.1
1005.1	1507.65

Speed:
0.22	0.44	0.22
0.3	0.6	0.3
0.415	0.83	0.415

S:
0 15 10 8 24 22 2 4 13 19 6 1 9
Cost:
513.087
CT:
0.3
C:
0 3 3 3 3 3 3 3 3 3 3 3 3
1 0 1 1 1 1 1 1 1 1 1 1 1
1 1 0 1 1 1 1 1 1 1 1 1 1
1 1 1 0 1 1 1 1 1 1 1 1 1
1 1 1 1 0 1 1 1 1 1 1 1 1
1 1 1 1 1 0 1 1 1 1 1 1 1
1 1 1 1 1 1 0 1 1 1 1 1 1
1 1 1 1 1 1 1 0 1 1 1 1 1
1 1 1 1 1 1 1 1 0 1 1 1 1
1 1 1 1 1 1 1 1 1 0 1 1 1
1 1 1 1 1 1 1 1 1 1 0 1 1
2 2 2 2 2 2 2 2 2 2 2 0 2
1 1 1 1 1 1 1 1 1 1 1 1 0