N:14
T:3
C:3

D:
0	77.79	58.01	74.83	69.39	71.67	72.73	62.35	66.68	60.38	75.03	72.62	84.86	67.37
77.79	0	21.41	5.08	13.4	15.15	9.7	15.49	11.69	20.8	4.9	11.38	8.02	10.44
58.01	21.41	0	17.4	11.44	14.27	21.04	7.64	9.74	11.9	17.61	14.63	29.34	11.75
74.83	5.08	17.4	0	8.36	10.15	12.28	12.73	8.16	16.29	9.98	6.35	12.85	8.14
69.39	13.4	11.44	8.36	0	14.63	18.18	10.81	6.81	9.14	8.56	11.24	21.19	9.37
71.67	15.15	14.27	10.15	14.63	0	21.32	14.61	10.62	11.37	10.31	14.12	22.4	13.06
72.73	9.7	21.04	12.28	18.18	21.32	0	13.46	12.69	22.03	12.24	17.76	13.11	9.85
62.35	15.49	7.64	12.73	10.81	14.61	13.46	0	4.82	9.33	12.91	12.95	22.99	5.05
66.68	11.69	9.74	8.16	6.81	10.62	12.69	4.82	0	9.68	8.35	8.36	19.59	9.77
60.38	20.8	11.9	16.29	9.14	11.37	22.03	9.33	9.68	0	16.51	12.41	28.82	12.26
75.03	4.9	17.61	9.98	8.56	10.31	12.24	12.91	8.35	16.51	0	6.51	12.65	8.29
72.62	11.38	14.63	6.35	11.24	14.12	17.76	12.95	8.36	12.41	6.51	0	18.78	10.29
84.86	8.02	29.34	12.85	21.19	22.4	13.11	22.99	19.59	28.82	12.65	18.78	0	17.98
67.37	10.44	11.75	8.14	9.37	13.06	9.85	5.05	9.77	12.26	8.29	10.29	17.98	0

Times:
0	543.76
543.76	1087.52
1087.52	1631.28

Speed:
0.22	0.44	0.22
0.3	0.6	0.3
0.415	0.83	0.415

S:
0 9 19 5 20 30 28 26 2 15 7 13 18 6
Cost:
570.221
CT:
0.38
C:
0 3 3 3 3 3 3 3 3 3 3 3 3 3
1 0 1 1 1 1 1 1 1 1 1 1 1 1
1 1 0 1 1 1 1 1 1 1 1 1 1 1
1 1 1 0 1 1 1 1 1 1 1 1 1 1
1 1 1 1 0 1 1 1 1 1 1 1 1 1
1 1 1 1 1 0 1 1 1 1 1 1 1 1
1 1 1 1 1 1 0 1 1 1 1 1 1 1
1 1 1 1 1 1 1 0 1 1 1 1 1 1
1 1 1 1 1 1 1 1 0 1 1 1 1 1
1 1 1 1 1 1 1 1 1 0 1 1 1 1
1 1 1 1 1 1 1 1 1 1 0 1 1 1
1 1 1 1 1 1 1 1 1 1 1 0 1 1
2 2 2 2 2 2 2 2 2 2 2 2 0 2
1 1 1 1 1 1 1 1 1 1 1 1 1 0