N:13
T:3
C:3

D:
0	71.38	69.15	73.37	82.79	67.11	63.67	76.07	85.14	70.28	71.77	72.39	71.31
71.38	0	6.92	7.28	12.01	5.63	7.72	4.81	21.43	10.38	9.86	6.76	8.57
69.15	6.92	0	4.23	14.04	10.17	8.18	8.95	18.37	8.91	8.43	11.59	15.12
73.37	7.28	4.23	0	10.13	12.23	11.67	6.68	14.83	4.68	8.66	9	15.8
82.79	12.01	14.04	10.13	0	17.42	19.42	7.24	13.8	14.52	12.25	10.94	17.33
67.11	5.63	10.17	12.23	17.42	0	4.98	10.19	26.86	14	5.17	11.46	6.26
63.67	7.72	8.18	11.67	19.42	4.98	0	12.44	26.41	11.67	8.24	10.69	11.22
76.07	4.81	8.95	6.68	7.24	10.19	12.44	0	18.18	11.17	5.04	6.85	11.03
85.14	21.43	18.37	14.83	13.8	26.86	26.41	18.18	0	15.69	22.48	15.76	29.18
70.28	10.38	8.91	4.68	14.52	14	11.67	11.17	15.69	0	11.89	4.32	18.8
71.77	9.86	8.43	8.66	12.25	5.17	8.24	5.04	22.48	11.89	0	8.2	7.14
72.39	6.76	11.59	9	10.94	11.46	10.69	6.85	15.76	4.32	8.2	0	15.32
71.31	8.57	15.12	15.8	17.33	6.26	11.22	11.03	29.18	18.8	7.14	15.32	0

Times:
0	383.1
383.1	766.2
766.2	1149.3

Speed:
0.22	0.44	0.22
0.3	0.6	0.3
0.415	0.83	0.415

S:
0 14 6 15 5 12 10 7 1 2 3 9 11
Cost:
417.701
CT:
0.11
C:
0 3 3 3 3 3 3 3 3 3 3 3 3
1 0 1 1 1 1 1 1 1 1 1 1 1
1 1 0 1 1 1 1 1 1 1 1 1 1
1 1 1 0 1 1 1 1 1 1 1 1 1
1 1 1 1 0 1 1 1 1 1 1 1 1
1 1 1 1 1 0 1 1 1 1 1 1 1
1 1 1 1 1 1 0 1 1 1 1 1 1
1 1 1 1 1 1 1 0 1 1 1 1 1
2 2 2 2 2 2 2 2 0 2 2 2 2
1 1 1 1 1 1 1 1 1 0 1 1 1
1 1 1 1 1 1 1 1 1 1 0 1 1
1 1 1 1 1 1 1 1 1 1 1 0 1
1 1 1 1 1 1 1 1 1 1 1 1 0