N:13
T:3
C:3

D:
0	83.82	83.89	85.46	53.86	73.89	88.83	100.67	77.04	59.39	40.33	88.68	80.91
83.82	0	26.86	10.62	36.7	50.83	10.62	20.74	35.63	39.24	51.78	37.21	17.36
83.89	26.86	0	16.78	30.03	27.21	37.19	44.6	11.64	25.85	44.62	10.58	9.81
85.46	10.62	16.78	0	34.19	42.49	20.5	28.13	26.78	34.32	49.88	26.82	8.34
53.86	36.7	30.03	34.19	0	28.72	45.56	57.13	24.47	8.83	15.7	35.7	27.99
73.89	50.83	27.21	42.49	28.72	0	61.42	70.56	15.81	19.89	34.63	22.71	34.2
88.83	10.62	37.19	20.5	45.56	61.42	0	12.05	46.24	49.06	59.91	47.33	27.89
100.67	20.74	44.6	28.13	57.13	70.56	12.05	0	54.91	59.98	71.77	53.85	36.37
77.04	35.63	11.64	26.78	24.47	15.81	46.24	54.91	0	17.65	36.81	11.66	18.57
59.39	39.24	25.85	34.32	8.83	19.89	49.06	59.98	17.65	0	19.21	29.3	26.78
40.33	51.78	44.62	49.88	15.7	34.63	59.91	71.77	36.81	19.21	0	48.47	43.6
88.68	37.21	10.58	26.82	35.7	22.71	47.33	53.85	11.66	29.3	48.47	0	20.39
80.91	17.36	9.81	8.34	27.99	34.2	27.89	36.37	18.57	26.78	43.6	20.39	0

Times:
0	508.96
508.96	1017.92
1017.92	1526.88

Speed:
0.22	0.44	0.22
0.3	0.6	0.3
0.415	0.83	0.415

S:
0 5 13 8 11 2 12 3 7 6 1 14 9
Cost:
420.044
CT:
0.24
C:
0 3 3 3 3 3 3 3 3 3 3 3 3
3 0 3 3 3 3 3 3 3 3 3 3 3
1 1 0 1 1 1 1 1 1 1 1 1 1
3 3 3 0 3 3 3 3 3 3 3 3 3
2 2 2 2 0 2 2 2 2 2 2 2 2
2 2 2 2 2 0 2 2 2 2 2 2 2
3 3 3 3 3 3 0 3 3 3 3 3 3
3 3 3 3 3 3 3 0 3 3 3 3 3
1 1 1 1 1 1 1 1 0 1 1 1 1
1 1 1 1 1 1 1 1 1 0 1 1 1
3 3 3 3 3 3 3 3 3 3 0 3 3
2 2 2 2 2 2 2 2 2 2 2 0 2
2 2 2 2 2 2 2 2 2 2 2 2 0