N:13
T:3
C:3

D:
0	71.01	70.52	83.98	73.66	93.1	87.62	70.47	95.08	72.97	69.82	74.37	74.19
71.01	0	19.4	15.83	12.17	25.55	19.73	11.96	39.79	15.78	14.95	7.77	14.99
70.52	19.4	0	18.1	22.67	24.49	20.32	16.19	26.25	35.09	4.47	27.02	19.41
83.98	15.83	18.1	0	15.98	9.8	15.66	14.62	26.53	28.37	15.9	19.42	12.92
73.66	12.17	22.67	15.98	0	25.29	19.67	6.75	41.34	13.21	18.27	4.4	11.2
93.1	25.55	24.49	9.8	25.29	0	5.86	24.42	21.7	36.79	23.69	28.21	22.52
87.62	19.73	20.32	15.66	19.67	5.86	0	18.56	24.21	31.67	18.79	22.87	16.75
70.47	11.96	16.19	14.62	6.75	24.42	18.56	0	37.25	18.95	11.74	10.93	4.46
95.08	39.79	26.25	26.53	41.34	21.7	24.21	37.25	0	54.4	29.04	45.34	37.8
72.97	15.78	35.09	28.37	13.21	36.79	31.67	18.95	54.4	0	30.62	9.06	16.84
69.82	14.95	4.47	15.9	18.27	23.69	18.79	11.74	29.04	30.62	0	22.6	15.11
74.37	7.77	27.02	19.42	4.4	28.21	22.87	10.93	45.34	9.06	22.6	0	7.96
74.19	14.99	19.41	12.92	11.2	22.52	16.75	4.46	37.8	16.84	15.11	7.96	0

Times:
0	696.08
696.08	1392.16
1392.16	2088.24

Speed:
0.22	0.44	0.22
0.3	0.6	0.3
0.415	0.83	0.415

S:
0 28 37 15 30 19 13 1 14 22 10 2 38
Cost:
653.374
CT:
0.711
C:
0 3 3 3 3 3 3 3 3 3 3 3 3
1 0 1 1 1 1 1 1 1 1 1 1 1
2 2 0 2 2 2 2 2 2 2 2 2 2
1 1 1 0 1 1 1 1 1 1 1 1 1
1 1 1 1 0 1 1 1 1 1 1 1 1
2 2 2 2 2 0 2 2 2 2 2 2 2
2 2 2 2 2 2 0 2 2 2 2 2 2
1 1 1 1 1 1 1 0 1 1 1 1 1
3 3 3 3 3 3 3 3 0 3 3 3 3
2 2 2 2 2 2 2 2 2 0 2 2 2
1 1 1 1 1 1 1 1 1 1 0 1 1
1 1 1 1 1 1 1 1 1 1 1 0 1
1 1 1 1 1 1 1 1 1 1 1 1 0