N:13
T:3
C:3

D:
0	71.14	57.93	61.71	47.23	76.51	95.75	53.19	50.87	65.32	93.68	74.45	65.32
71.14	0	15.98	21.97	30.65	23.29	26.4	18.94	21.82	10.72	28.17	27.31	7.31
57.93	15.98	0	26.42	26.73	21.69	37.87	5.29	16.45	7.4	36.09	22.56	14.6
61.71	21.97	26.42	0	14.58	43.79	46.57	24.24	14.28	27.5	49.82	46.68	15.37
47.23	30.65	26.73	14.58	0	47.87	56.99	22.22	10.35	31.32	58.44	49.26	23.39
76.51	23.29	21.69	43.79	47.87	0	25.32	26.9	37.53	16.74	19.18	5.41	28.52
95.75	26.4	37.87	46.57	56.99	25.32	0	42.58	48.14	30.46	8.91	30.48	33.61
53.19	18.94	5.29	24.24	22.22	26.9	42.58	0	12.29	12.29	41.21	27.44	15.46
50.87	21.82	16.45	14.28	10.35	37.53	48.14	12.29	0	21.06	48.82	38.94	15
65.32	10.72	7.4	27.5	31.32	16.74	30.46	12.29	21.06	0	28.96	19.19	12.84
93.68	28.17	36.09	49.82	58.44	19.18	8.91	41.21	48.82	28.96	0	23.77	35.42
74.45	27.31	22.56	46.68	49.26	5.41	30.48	27.44	38.94	19.19	23.77	0	31.75
65.32	7.31	14.6	15.37	23.39	28.52	33.61	15.46	15	12.84	35.42	31.75	0

Times:
0	733.29
733.29	1466.58
1466.58	2199.87

Speed:
0.22	0.44	0.22
0.3	0.6	0.3
0.415	0.83	0.415

S:
0 28 4 3 40 26 30 31 24 17 25 15 38 1
Cost:
645.289
CT:
0.881
C:
0 3 3 3 3 3 3 3 3 3 3 3 3
1 0 1 1 1 1 1 1 1 1 1 1 1
1 1 0 1 1 1 1 1 1 1 1 1 1
3 3 3 0 3 3 3 3 3 3 3 3 3
3 3 3 3 0 3 3 3 3 3 3 3 3
2 2 2 2 2 0 2 2 2 2 2 2 2
3 3 3 3 3 3 0 3 3 3 3 3 3
2 2 2 2 2 2 2 0 2 2 2 2 2
2 2 2 2 2 2 2 2 0 2 2 2 2
1 1 1 1 1 1 1 1 1 0 1 1 1
2 2 2 2 2 2 2 2 2 2 0 2 2
2 2 2 2 2 2 2 2 2 2 2 0 2
1 1 1 1 1 1 1 1 1 1 1 1 0