N:14
T:3
C:3

D:
0	63.74	96.6	72.61	58.9	70.17	70.78	97.51	70.12	69.24	96.41	79.37	43.14	82.33
63.74	0	33.11	11.27	4.87	7.25	17.57	37.7	12.12	9.67	34.7	16.26	24.51	18.71
96.6	33.11	0	27.23	37.99	27.74	35.31	15.63	31.45	27.92	9.37	19.94	56.97	16
72.61	11.27	27.23	0	14.98	4.44	10.06	36.29	4.48	16.07	31.72	7.39	30.67	11.23
58.9	4.87	37.99	14.98	0	11.56	19.01	42.12	14.55	13.24	39.38	20.79	19.98	23.47
70.17	7.25	27.74	4.44	11.56	0	13.38	34.91	7.3	11.88	30.94	9.25	29.25	12.27
70.78	17.57	35.31	10.06	19.01	13.38	0	45.91	6.08	25.12	40.97	15.83	27.65	19.8
97.51	37.7	15.63	36.29	42.12	34.91	45.91	0	40.77	29.29	6.28	30.22	62.1	26.44
70.12	12.12	31.45	4.48	14.55	7.3	6.08	40.77	0	19.07	36.19	11.51	27.53	15.47
69.24	9.67	27.92	16.07	13.24	11.88	25.12	29.29	19.07	0	27.28	16.89	33.07	17.26
96.41	34.7	9.37	31.72	39.38	30.94	40.97	6.28	36.19	27.28	0	25.15	59.2	21.22
79.37	16.26	19.94	7.39	20.79	9.25	15.83	30.22	11.51	16.89	25.15	0	37.92	18.45
43.14	24.51	56.97	30.67	19.98	29.25	27.65	62.1	27.53	33.07	59.2	37.92	0	41.41
82.33	18.71	16	11.23	23.47	12.27	19.8	26.44	15.47	17.26	21.22	18.45	41.41	0

Times:
0	439.6
439.6	879.2
879.2	1318.8

Speed:
0.22	0.44	0.22
0.3	0.6	0.3
0.415	0.83	0.415

S:
0 6 8 3 5 11 14 2 10 7 13 15 9 1
Cost:
406.85
CT:
0.26
C:
0 3 3 3 3 3 3 3 3 3 3 3 3 3
1 0 1 1 1 1 1 1 1 1 1 1 1 1
3 3 0 3 3 3 3 3 3 3 3 3 3 3
1 1 1 0 1 1 1 1 1 1 1 1 1 1
1 1 1 1 0 1 1 1 1 1 1 1 1 1
1 1 1 1 1 0 1 1 1 1 1 1 1 1
1 1 1 1 1 1 0 1 1 1 1 1 1 1
3 3 3 3 3 3 3 0 3 3 3 3 3 3
1 1 1 1 1 1 1 1 0 1 1 1 1 1
1 1 1 1 1 1 1 1 1 0 1 1 1 1
3 3 3 3 3 3 3 3 3 3 0 3 3 3
1 1 1 1 1 1 1 1 1 1 1 0 1 1
3 3 3 3 3 3 3 3 3 3 3 3 0 3
1 1 1 1 1 1 1 1 1 1 1 1 1 0