N:12
T:3
C:3

D:
0	4.58	7.63	15.4	11.5	7.62	12.84	10.84	13.03	6.48	14.75	13.19
4.58	0	6.51	12.65	8.29	5.93	17.14	7.02	11.92	9.83	16.46	12.08
7.63	6.51	0	18.78	10.29	12.44	15.82	12.62	5.41	14.11	10.87	5.57
15.4	12.65	18.78	0	17.98	7.84	27.73	6.37	16.19	15.48	29.1	15.3
11.5	8.29	10.29	17.98	0	10.17	9.76	14.15	5.29	5.02	14.65	5.77
7.62	5.93	12.44	7.84	10.17	0	19.93	5.08	8.71	8.48	21.89	7.89
12.84	17.14	15.82	27.73	9.76	19.93	0	23.68	13.23	13.28	12.3	14.09
10.84	7.02	12.62	6.37	14.15	5.08	23.68	0	10.96	13.42	23.24	10.02
13.03	11.92	5.41	16.19	5.29	8.71	13.23	10.96	0	8.7	13.2	10.97
6.48	9.83	14.11	15.48	5.02	8.48	13.28	13.42	8.7	0	19.67	8.67
14.75	16.46	10.87	29.1	14.65	21.89	12.3	23.24	13.2	19.67	0	14
13.19	12.08	5.57	15.3	5.77	7.89	14.09	10.02	10.97	8.67	14	0

Times:
0	461.66
461.66	923.32
923.32	1384.98

Speed:
0.22	0.44	0.22
0.3	0.6	0.3
0.415	0.83	0.415

S:
0 1 12 5 7 24 20 3 26 15 30 13
Cost:
539.465
CT:
1.221
C:
0 1 1 1 1 1 1 1 1 1 1 1
1 0 1 1 1 1 1 1 1 1 1 1
1 1 0 1 1 1 1 1 1 1 1 1
2 2 2 0 2 2 2 2 2 2 2 2
1 1 1 1 0 1 1 1 1 1 1 1
1 1 1 1 1 0 1 1 1 1 1 1
1 1 1 1 1 1 0 1 1 1 1 1
1 1 1 1 1 1 1 0 1 1 1 1
1 1 1 1 1 1 1 1 0 1 1 1
1 1 1 1 1 1 1 1 1 0 1 1
1 1 1 1 1 1 1 1 1 1 0 1
1 1 1 1 1 1 1 1 1 1 1 0