N:12
T:3
C:3

D:
0	24.28	19.58	13.36	31.9	15.32	15.63	6.71	23.34	17.44	12.18	32.67
24.28	0	8.79	25.84	47.29	11.9	26.78	17.58	19.06	10.93	33.63	10.79
19.58	8.79	0	25.67	38.67	4.41	22.8	13.27	10.27	19.72	26.65	19.58
13.36	25.84	25.67	0	44.93	22.71	11.32	14.34	23.68	24.56	24.51	30.14
31.9	47.29	38.67	44.93	0	35.51	33.64	34.85	48.07	36.37	20.62	57.98
15.32	11.9	4.41	22.71	35.51	0	18.65	9.31	12.57	18.05	22.35	22.48
15.63	26.78	22.8	11.32	33.64	18.65	0	9.59	25.56	20.77	13.19	34.44
6.71	17.58	13.27	14.34	34.85	9.31	9.59	0	16.75	11.41	17.18	26.32
23.34	19.06	10.27	23.68	48.07	12.57	25.56	16.75	0	12.03	33.39	10.02
17.44	10.93	19.72	24.56	36.37	18.05	20.77	11.41	12.03	0	24.12	21.69
12.18	33.63	26.65	24.51	20.62	22.35	13.19	17.18	33.39	24.12	0	43.26
32.67	10.79	19.58	30.14	57.98	22.48	34.44	26.32	10.02	21.69	43.26	0

Times:
0	597.93
597.93	1195.86
1195.86	1793.79

Speed:
0.22	0.44	0.22
0.3	0.6	0.3
0.415	0.83	0.415

S:
0 7 22 2 5 13 8 11 35 1 9 29
Cost:
592.675
CT:
1.121
C:
0 1 1 1 1 1 1 1 1 1 1 1
2 0 2 2 2 2 2 2 2 2 2 2
2 2 0 2 2 2 2 2 2 2 2 2
1 1 1 0 1 1 1 1 1 1 1 1
3 3 3 3 0 3 3 3 3 3 3 3
2 2 2 2 2 0 2 2 2 2 2 2
1 1 1 1 1 1 0 1 1 1 1 1
1 1 1 1 1 1 1 0 1 1 1 1
2 2 2 2 2 2 2 2 0 2 2 2
2 2 2 2 2 2 2 2 2 0 2 2
1 1 1 1 1 1 1 1 1 1 0 1
3 3 3 3 3 3 3 3 3 3 3 0