N:12
T:3
C:3

D:
0	16.32	23.29	6.72	21.72	29.99	9.84	25.48	12.93	18.52	23.3	17.19
16.32	0	38.86	10.63	33.15	39.52	21.64	23.03	18.82	8.75	29.29	23.99
23.29	38.86	0	28.24	14.22	20.66	25.86	45.88	21.9	41.77	24.55	33.6
6.72	10.63	28.24	0	23.33	30.58	15.3	26.07	9.67	15.49	21.75	21.07
21.72	33.15	14.22	23.33	0	8.81	29.07	47.18	22.21	38.77	10.61	37.41
29.99	39.52	20.66	30.58	8.81	0	37.8	55.44	30.78	46.03	11.43	46.12
9.84	21.64	25.86	15.3	29.07	37.8	0	20.04	7.57	19.55	32.6	8.36
25.48	23.03	45.88	26.07	47.18	55.44	20.04	0	25.2	14.55	47.72	13.36
12.93	18.82	21.9	9.67	22.21	30.78	7.57	25.2	0	20	25.05	15.54
18.52	8.75	41.77	15.49	38.77	46.03	19.55	14.55	20	0	36.63	18.75
23.3	29.29	24.55	21.75	10.61	11.43	32.6	47.72	25.05	36.63	0	40.45
17.19	23.99	33.6	21.07	37.41	46.12	8.36	13.36	15.54	18.75	40.45	0

Times:
0	542.91
542.91	1085.82
1085.82	1628.73

Speed:
0.22	0.44	0.22
0.3	0.6	0.3
0.415	0.83	0.415

S:
0 23 8 13 3 22 28 1 9 24 26 32
Cost:
521.647
CT:
0.671
C:
0 1 1 1 1 1 1 1 1 1 1 1
2 0 2 2 2 2 2 2 2 2 2 2
2 2 0 2 2 2 2 2 2 2 2 2
1 1 1 0 1 1 1 1 1 1 1 1
2 2 2 2 0 2 2 2 2 2 2 2
3 3 3 3 3 0 3 3 3 3 3 3
1 1 1 1 1 1 0 1 1 1 1 1
3 3 3 3 3 3 3 0 3 3 3 3
1 1 1 1 1 1 1 1 0 1 1 1
2 2 2 2 2 2 2 2 2 0 2 2
2 2 2 2 2 2 2 2 2 2 0 2
2 2 2 2 2 2 2 2 2 2 2 0