N:14
T:3
C:3

D:
0	79.08	70.6	81.68	71.24	70.01	72.37	72.45	63.14	71.02	60.64	76.46	85.99	76.03
79.08	0	9.27	12.1	15.83	9.39	11.43	8.37	17.57	8.19	18.71	5.62	7.29	6.42
70.6	9.27	0	18.61	9.48	5.87	5.46	11.39	8.31	12.06	9.97	10.23	16.55	5.68
81.68	12.1	18.61	0	27.19	14.51	22.66	18.89	25.88	16.56	25.03	8.39	10.87	18.21
71.24	15.83	9.48	27.19	0	15.31	4.53	8.41	9.66	11.66	13.95	18.96	22.14	9.44
70.01	9.39	5.87	14.51	15.31	0	11.3	7.56	11.46	14.59	10.68	6.84	15.98	9.79
72.37	11.43	5.46	22.66	4.53	11.3	0	11.16	9.3	7.5	12.79	14.44	18.05	5.19
72.45	8.37	11.39	18.89	8.41	7.56	11.16	0	9.64	11.74	11.9	10.58	15.5	12.28
63.14	17.57	8.31	25.88	9.66	11.46	9.3	9.64	0	9.73	4.45	17.75	24.85	13.08
71.02	8.19	12.06	16.56	11.66	14.59	7.5	11.74	9.73	0	10.52	8.22	15.42	6.37
60.64	18.71	9.97	25.03	13.95	10.68	12.79	11.9	4.45	10.52	0	17.5	25.9	15.51
76.46	5.62	10.23	8.39	18.96	6.84	14.44	10.58	17.75	8.22	17.5	0	9.97	10.44
85.99	7.29	16.55	10.87	22.14	15.98	18.05	15.5	24.85	15.42	25.9	9.97	0	12.87
76.03	6.42	5.68	18.21	9.44	9.79	5.19	12.28	13.08	6.37	15.51	10.44	12.87	0

Times:
0	473.28
473.28	946.56
946.56	1419.84

Speed:
0.22	0.44	0.22
0.3	0.6	0.3
0.415	0.83	0.415

S:
0 23 16 10 8 18 6 4 9 13 22 1 15 17
Cost:
532.991
CT:
0.35
C:
0 3 3 3 3 3 3 3 3 3 3 3 3 3
1 0 1 1 1 1 1 1 1 1 1 1 1 1
1 1 0 1 1 1 1 1 1 1 1 1 1 1
2 2 2 0 2 2 2 2 2 2 2 2 2 2
1 1 1 1 0 1 1 1 1 1 1 1 1 1
1 1 1 1 1 0 1 1 1 1 1 1 1 1
1 1 1 1 1 1 0 1 1 1 1 1 1 1
1 1 1 1 1 1 1 0 1 1 1 1 1 1
1 1 1 1 1 1 1 1 0 1 1 1 1 1
1 1 1 1 1 1 1 1 1 0 1 1 1 1
1 1 1 1 1 1 1 1 1 1 0 1 1 1
1 1 1 1 1 1 1 1 1 1 1 0 1 1
2 2 2 2 2 2 2 2 2 2 2 2 0 2
1 1 1 1 1 1 1 1 1 1 1 1 1 0