N:13
T:3
C:3

D:
0	78.82	74.38	60.54	63.74	56.86	76.85	68.76	69.27	53.14	78.63	61.79	69.83
78.82	0	4.43	18.33	17.72	22.09	9.81	16.78	10.19	28.45	9.56	17.31	9.02
74.38	4.43	0	13.92	14.04	17.69	9.86	14.3	6.12	24.4	5.13	12.98	4.63
60.54	18.33	13.92	0	7.69	10.41	16.54	13.39	9.75	12.18	18.14	11.41	9.31
63.74	17.72	14.04	7.69	0	8.97	16.88	6.06	13.15	11.13	16.36	5.76	10.13
56.86	22.09	17.69	10.41	8.97	0	20.34	15.03	13.48	9.23	21.77	4.96	13.07
76.85	9.81	9.86	16.54	16.88	20.34	0	16.81	7.85	27.24	4.73	15.72	7.37
68.76	16.78	14.3	13.39	6.06	15.03	16.81	0	15.91	15.63	14.61	11.35	11.99
69.27	10.19	6.12	9.75	13.15	13.48	7.85	15.91	0	21.62	11.24	9.65	10.75
53.14	28.45	24.4	12.18	11.13	9.23	27.24	15.63	21.62	0	27.36	11.97	19.95
78.63	9.56	5.13	18.14	16.36	21.77	4.73	14.61	11.24	27.36	0	16.85	9.01
61.79	17.31	12.98	11.41	5.76	4.96	15.72	11.35	9.65	11.97	16.85	0	8.36
69.83	9.02	4.63	9.31	10.13	13.07	7.37	11.99	10.75	19.95	9.01	8.36	0

Times:
0	511.22
511.22	1022.44
1022.44	1533.66

Speed:
0.22	0.44	0.22
0.3	0.6	0.3
0.415	0.83	0.415

S:
0 5 11 4 21 30 23 29 12 16 13 20 8
Cost:
558.338
CT:
0.651
C:
0 3 3 3 3 3 3 3 3 3 3 3 3
1 0 1 1 1 1 1 1 1 1 1 1 1
1 1 0 1 1 1 1 1 1 1 1 1 1
1 1 1 0 1 1 1 1 1 1 1 1 1
1 1 1 1 0 1 1 1 1 1 1 1 1
1 1 1 1 1 0 1 1 1 1 1 1 1
1 1 1 1 1 1 0 1 1 1 1 1 1
1 1 1 1 1 1 1 0 1 1 1 1 1
1 1 1 1 1 1 1 1 0 1 1 1 1
2 2 2 2 2 2 2 2 2 0 2 2 2
1 1 1 1 1 1 1 1 1 1 0 1 1
1 1 1 1 1 1 1 1 1 1 1 0 1
1 1 1 1 1 1 1 1 1 1 1 1 0