N:12
T:3
C:3

D:
0	83.51	55.68	59.55	60.71	64.33	80.3	69.28	59.06	62.57	85.9	67.18
83.51	0	31.78	27.89	25.96	22.94	20.95	17.97	28.24	38.44	11.1	20.42
55.68	31.78	0	14.38	5.83	9.23	28.27	14.5	14.81	14.89	30.96	12.1
59.55	27.89	14.38	0	14.52	5.15	24.38	10.43	10.73	15.34	26.88	8.01
60.71	25.96	5.83	14.52	0	14.07	22.45	8.79	14.97	17	25.41	6.51
64.33	22.94	9.23	5.15	14.07	0	19.44	5.28	5.58	17.66	21.81	13.16
80.3	20.95	28.27	24.38	22.45	19.44	0	14.53	24.73	35.2	10.75	16.96
69.28	17.97	14.5	10.43	8.79	5.28	14.53	0	10.86	21.12	16.66	15.3
59.06	28.24	14.81	10.73	14.97	5.58	24.73	10.86	0	15.46	27.34	8.46
62.57	38.44	14.89	15.34	17	17.66	35.2	21.12	15.46	0	33.1	19.04
85.9	11.1	30.96	26.88	25.41	21.81	10.75	16.66	27.34	33.1	0	18.91
67.18	20.42	12.1	8.01	6.51	13.16	16.96	15.3	8.46	19.04	18.91	0

Times:
0	457.35
457.35	914.7
914.7	1372.05

Speed:
0.22	0.44	0.22
0.3	0.6	0.3
0.415	0.83	0.415

S:
0 9 8 5 13 7 14 6 12 1 10 15
Cost:
443.533
CT:
0.09
C:
0 3 3 3 3 3 3 3 3 3 3 3
2 0 2 2 2 2 2 2 2 2 2 2
2 2 0 2 2 2 2 2 2 2 2 2
1 1 1 0 1 1 1 1 1 1 1 1
1 1 1 1 0 1 1 1 1 1 1 1
1 1 1 1 1 0 1 1 1 1 1 1
2 2 2 2 2 2 0 2 2 2 2 2
1 1 1 1 1 1 1 0 1 1 1 1
1 1 1 1 1 1 1 1 0 1 1 1
2 2 2 2 2 2 2 2 2 0 2 2
2 2 2 2 2 2 2 2 2 2 0 2
1 1 1 1 1 1 1 1 1 1 1 0