N:12
T:3
C:3

D:
0	63.93	71.43	75.54	79.87	73.22	66.17	58.5	77.89	74.48	71.37	67.66
63.93	0	11.48	18.22	22.85	9.79	11.31	6.28	14.28	11.19	7.85	11.8
71.43	11.48	0	24.57	28.22	6.33	7.95	13.85	9.09	13.68	6.55	9.54
75.54	18.22	24.57	0	4.82	18.49	19.63	23.97	18.93	11.16	18.03	16.63
79.87	22.85	28.22	4.82	0	21.96	24	28.71	21.53	14.55	21.8	20.96
73.22	9.79	6.33	18.49	21.96	0	7.06	14.72	4.67	7.43	10.72	6.3
66.17	11.31	7.95	19.63	24	7.06	0	7.69	11.72	10.72	5.22	9.63
58.5	6.28	13.85	23.97	28.71	14.72	7.69	0	19.39	17.44	12.9	9.66
77.89	14.28	9.09	18.93	21.53	4.67	11.72	19.39	0	8.15	6.53	10.64
74.48	11.19	13.68	11.16	14.55	7.43	10.72	17.44	8.15	0	7.34	7.93
71.37	7.85	6.55	18.03	21.8	10.72	5.22	12.9	6.53	7.34	0	4.42
67.66	11.8	9.54	16.63	20.96	6.3	9.63	9.66	10.64	7.93	4.42	0

Times:
0	598.88 
598.88	1197.76 
1197.76	1796.64 

Speed:
0.22	0.44	0.22
0.3	0.6	0.3
0.415	0.83	0.415

S:
0 40 12 23 17 9 36 37 26 15 35 7
Cost:
688.133
CT:
1.261
C:
0 3 3 3 3 3 3 3 3 3 3 3
1 0 1 1 1 1 1 1 1 1 1 1
1 1 0 1 1 1 1 1 1 1 1 1
2 2 2 0 2 2 2 2 2 2 2 2
2 2 2 2 0 2 2 2 2 2 2 2
1 1 1 1 1 0 1 1 1 1 1 1
1 1 1 1 1 1 0 1 1 1 1 1
1 1 1 1 1 1 1 0 1 1 1 1
1 1 1 1 1 1 1 1 0 1 1 1
1 1 1 1 1 1 1 1 1 0 1 1
1 1 1 1 1 1 1 1 1 1 0 1
1 1 1 1 1 1 1 1 1 1 1 0