N:14
T:3
C:3

D:
0	74.42	72.51	73.78	68.7	69.65	69.37	67.88	77.21	47.88	71.38	69.15	73.37	82.79
74.42	0	10.32	8.78	11.12	9.65	7	18	4.28	29.21	5.63	5.65	9.29	8.46
72.51	10.32	0	4.41	10.8	9.42	5.15	17.85	6.14	27.67	5.51	11.54	9.89	10.47
73.78	8.78	4.41	0	7.93	6.43	9.35	14.58	9.48	27.52	9.21	7.13	5.86	9.34
68.7	11.12	10.8	7.93	0	9.6	13.87	7.09	10.77	21.22	5.48	11.13	12.61	16.63
69.65	9.65	9.42	6.43	9.6	0	12.78	8.43	9.3	22.35	11.85	10.05	11.23	15.19
69.37	7	5.15	9.35	13.87	12.78	0	20.84	11.25	26.58	9.54	8.97	4.74	14.83
67.88	18	17.85	14.58	7.09	8.43	20.84	0	16.83	20.08	12.42	18.13	19.66	22.23
77.21	4.28	6.14	9.48	10.77	9.3	11.25	16.83	0	30.93	6.06	9.59	6.8	5.97
47.88	29.21	27.67	27.52	21.22	22.35	26.58	20.08	30.93	0	24.87	25.11	29.07	36.86
71.38	5.63	5.51	9.21	5.48	11.85	9.54	12.42	6.06	24.87	0	6.92	7.28	12.01
69.15	5.65	11.54	7.13	11.13	10.05	8.97	18.13	9.59	25.11	6.92	0	4.23	14.04
73.37	9.29	9.89	5.86	12.61	11.23	4.74	19.66	6.8	29.07	7.28	4.23	0	10.13
82.79	8.46	10.47	9.34	16.63	15.19	14.83	22.23	5.97	36.86	12.01	14.04	10.13	0

Times:
0	573.49
573.49	1146.98
1146.98	1720.47

Speed:
0.22	0.44	0.22
0.3	0.6	0.3
0.415	0.83	0.415

S:
0 24 15 14 28 19 30 32 5 36 16 22 20 18
Cost:
614.529
CT:
0.801
C:
0 3 3 3 3 3 3 3 3 3 3 3 3 3
1 0 1 1 1 1 1 1 1 1 1 1 1 1
1 1 0 1 1 1 1 1 1 1 1 1 1 1
1 1 1 0 1 1 1 1 1 1 1 1 1 1
1 1 1 1 0 1 1 1 1 1 1 1 1 1
1 1 1 1 1 0 1 1 1 1 1 1 1 1
1 1 1 1 1 1 0 1 1 1 1 1 1 1
1 1 1 1 1 1 1 0 1 1 1 1 1 1
1 1 1 1 1 1 1 1 0 1 1 1 1 1
3 3 3 3 3 3 3 3 3 0 3 3 3 3
1 1 1 1 1 1 1 1 1 1 0 1 1 1
1 1 1 1 1 1 1 1 1 1 1 0 1 1
1 1 1 1 1 1 1 1 1 1 1 1 0 1
1 1 1 1 1 1 1 1 1 1 1 1 1 0