N:12
T:3
C:3

D:
0	82.77	62.03	83.02	71.94	77.11	64.17	81.56	64.12	59.69	63.89	84.26
82.77	0	20.76	20.87	11.25	11.65	18.61	15.53	23.8	23.09	18.91	10.52
62.03	20.76	0	28.13	10.11	17.79	15.95	24.06	12.4	11.37	15.74	22.29
83.02	20.87	28.13	0	25.03	11.61	25.94	5.44	38	29.64	25.91	20.09
71.94	11.25	10.11	25.03	0	13.42	8.39	19.89	13.61	12.42	8.76	12.96
77.11	11.65	17.79	11.61	13.42	0	15.43	6.59	26.54	19.69	15.5	11.72
64.17	18.61	15.95	25.94	8.39	15.43	0	21.76	13.51	4.59	8.96	20.1
81.56	15.53	24.06	5.44	19.89	6.59	21.76	0	33.13	25.81	21.79	14.87
64.12	23.8	12.4	38	13.61	26.54	13.51	33.13	0	12.85	13.75	25.61
59.69	23.09	11.37	29.64	12.42	19.69	4.59	25.81	12.85	0	4.37	24.62
63.89	18.91	15.74	25.91	8.76	15.5	8.96	21.79	13.75	4.37	0	20.38
84.26	10.52	22.29	20.09	12.96	11.72	20.1	14.87	25.61	24.62	20.38	0

Times:
0	444.84
444.84	889.68
889.68	1334.52

Speed:
0.22	0.44	0.22
0.3	0.6	0.3
0.415	0.83	0.415

S:
0 19 2 14 9 10 6 5 7 3 15 1
Cost:
456.939
CT:
0.38
C:
0 3 3 3 3 3 3 3 3 3 3 3
1 0 1 1 1 1 1 1 1 1 1 1
1 1 0 1 1 1 1 1 1 1 1 1
2 2 2 0 2 2 2 2 2 2 2 2
1 1 1 1 0 1 1 1 1 1 1 1
1 1 1 1 1 0 1 1 1 1 1 1
1 1 1 1 1 1 0 1 1 1 1 1
2 2 2 2 2 2 2 0 2 2 2 2
1 1 1 1 1 1 1 1 0 1 1 1
1 1 1 1 1 1 1 1 1 0 1 1
1 1 1 1 1 1 1 1 1 1 0 1
1 1 1 1 1 1 1 1 1 1 1 0