N:13
T:3
C:3

D:
0	71.94	62.84	70.35	70.43	88.04	70.21	69.54	87.55	76.49	52.02	78.45	79.88
71.94	0	9.98	11.04	6.7	24.19	12.61	10.71	21.15	4.94	20.45	7.49	8.77
62.84	9.98	0	7.7	12.66	28.08	9.7	8.83	26.25	13.86	13.32	15.64	17.06
70.35	11.04	7.7	0	8.91	23.27	4.86	7.92	20.62	6.18	19.5	8.18	9.59
70.43	6.7	12.66	8.91	0	30.6	13.78	16.74	27.31	10.55	18.43	13.19	14.18
88.04	24.19	28.08	23.27	30.6	0	27.18	19.52	4.18	20.14	41.4	17.63	17
70.21	12.61	9.7	4.86	13.78	27.18	0	12.71	24.12	7.68	18.36	10.31	11.52
69.54	10.71	8.83	7.92	16.74	19.52	12.71	0	18.18	11.27	22.05	11.51	12.67
87.55	21.15	26.25	20.62	27.31	4.18	24.12	18.18	0	16.76	39.47	14.15	13.35
76.49	4.94	13.86	6.18	10.55	20.14	7.68	11.27	16.76	0	25.29	12.3	13.59
52.02	20.45	13.32	19.5	18.43	41.4	18.36	22.05	39.47	25.29	0	27.61	28.99
78.45	7.49	15.64	8.18	13.19	17.63	10.31	11.51	14.15	12.3	27.61	0	14.03
79.88	8.77	17.06	9.59	14.18	17	11.52	12.67	13.35	13.59	28.99	14.03	0

Times:
0	460.17
460.17	920.34
920.34	1380.51

Speed:
0.22	0.44	0.22
0.3	0.6	0.3
0.415	0.83	0.415

S:
0 2 14 7 13 19 12 8 5 11 3 6 9
Cost:
478.42
CT:
0.16
C:
0 3 3 3 3 3 3 3 3 3 3 3 3
1 0 1 1 1 1 1 1 1 1 1 1 1
1 1 0 1 1 1 1 1 1 1 1 1 1
1 1 1 0 1 1 1 1 1 1 1 1 1
1 1 1 1 0 1 1 1 1 1 1 1 1
2 2 2 2 2 0 2 2 2 2 2 2 2
1 1 1 1 1 1 0 1 1 1 1 1 1
1 1 1 1 1 1 1 0 1 1 1 1 1
2 2 2 2 2 2 2 2 0 2 2 2 2
1 1 1 1 1 1 1 1 1 0 1 1 1
2 2 2 2 2 2 2 2 2 2 0 2 2
1 1 1 1 1 1 1 1 1 1 1 0 1
1 1 1 1 1 1 1 1 1 1 1 1 0