N:13
T:3
C:3

D:
0	75.23	50.33	97.42	62.42	53.39	72.04	90.68	66.26	55.17	57.42	80.82	107.49
75.23	0	31.41	22.19	13.96	33.92	42.06	16.6	11.09	28.3	37.6	12.99	34.11
50.33	31.41	0	51.86	17.71	6.02	26.93	43.44	20.35	4.84	12.73	32.19	65.41
97.42	22.19	51.86	0	35.55	52.98	54	9.6	32.02	47.94	54.92	21.25	16.2
62.42	13.96	17.71	35.55	0	21.08	34.34	28.26	23.64	15.3	25.94	19.05	48.07
53.39	33.92	6.02	52.98	21.08	0	21.28	44.06	22.9	5.78	6.71	32.35	67.34
72.04	42.06	26.93	54	34.34	21.28	0	44.42	33.69	23.78	15.27	33.52	70.06
90.68	16.6	43.44	9.6	28.26	44.06	44.42	0	24.47	39.27	45.6	11.85	25.67
66.26	11.09	20.35	32.02	23.64	22.9	33.69	24.47	0	17.23	27.01	15.17	45.06
55.17	28.3	4.84	47.94	15.3	5.78	23.78	39.27	17.23	0	11.37	27.8	61.96
57.42	37.6	12.73	54.92	25.94	6.71	15.27	45.6	27.01	11.37	0	33.75	69.97
80.82	12.99	32.19	21.25	19.05	32.35	33.52	11.85	15.17	27.8	33.75	0	36.85
107.49	34.11	65.41	16.2	48.07	67.34	70.06	25.67	45.06	61.96	69.97	36.85	0

Times:
0	592.74
592.74	1185.47
1185.47	1778.2

Speed:
0.22	0.44	0.22
0.3	0.6	0.3
0.415	0.83	0.415

S:
0 2 5 9 4 19 1 8 14 11 17 3 12
Cost:
536.221
CT:
0.33
C:
0 3 3 3 3 3 3 3 3 3 3 3 3
1 0 1 1 1 1 1 1 1 1 1 1 1
2 2 0 2 2 2 2 2 2 2 2 2 2
3 3 3 0 3 3 3 3 3 3 3 3 3
1 1 1 1 0 1 1 1 1 1 1 1 1
2 2 2 2 2 0 2 2 2 2 2 2 2
3 3 3 3 3 3 0 3 3 3 3 3 3
2 2 2 2 2 2 2 0 2 2 2 2 2
1 1 1 1 1 1 1 1 0 1 1 1 1
2 2 2 2 2 2 2 2 2 0 2 2 2
3 3 3 3 3 3 3 3 3 3 0 3 3
1 1 1 1 1 1 1 1 1 1 1 0 1
3 3 3 3 3 3 3 3 3 3 3 3 0