N:14
T:3
C:3

D:
0	61.85	70.63	75.62	71.65	70.59	61.02	76.83	73.31	69.37	67.8	67.01	69.17	76.85
61.85	0	19.18	23.49	13.97	21.63	10	18.38	23.69	15.17	6.74	8.79	16.79	24.65
70.63	19.18	0	5.21	7.82	8.82	11.5	9.85	4.51	4.19	14.75	10.8	11.41	6.51
75.62	23.49	5.21	0	10.33	5.27	16.62	9.57	9.72	8.41	18.21	14.76	7.32	11.65
71.65	13.97	7.82	10.33	0	10.77	10.66	5.19	11.66	4.3	8	5.37	6.27	11.28
70.59	21.63	8.82	5.27	10.77	0	13.18	12.42	11.92	7.04	17.57	13.52	5.02	6.38
61.02	10	11.5	16.62	10.66	13.18	0	15.82	15.72	8.73	9.95	6.84	9.31	17.91
76.83	18.38	9.85	9.57	5.19	12.42	15.82	0	12.11	8.2	11.81	10.31	9.49	9.98
73.31	23.69	4.51	9.72	11.66	11.92	15.72	12.11	0	8.62	19.09	15.25	6.9	11.02
69.37	15.17	4.19	8.41	4.3	7.04	8.73	8.2	8.62	0	10.56	6.63	10.58	9.63
67.8	6.74	14.75	18.21	8	17.57	9.95	11.81	19.09	10.56	0	4.22	12.55	19.23
67.01	8.79	10.8	14.76	5.37	13.52	6.84	10.31	15.25	6.63	4.22	0	8.51	15.89
69.17	16.79	11.41	7.32	6.27	5.02	9.31	9.49	6.9	10.58	12.55	8.51	0	8.6
76.85	24.65	6.51	11.65	11.28	6.38	17.91	9.98	11.02	9.63	19.23	15.89	8.6	0

Times:
0	422.87
422.87	845.74
845.74	1268.61

Speed:
0.22	0.44	0.22
0.3	0.6	0.3
0.415	0.83	0.415

S:
0 1 10 11 19 7 16 18 13 14 9 17 12 8
Cost:
468.467
CT:
0.37
C:
0 3 3 3 3 3 3 3 3 3 3 3 3 3
1 0 1 1 1 1 1 1 1 1 1 1 1 1
1 1 0 1 1 1 1 1 1 1 1 1 1 1
1 1 1 0 1 1 1 1 1 1 1 1 1 1
1 1 1 1 0 1 1 1 1 1 1 1 1 1
1 1 1 1 1 0 1 1 1 1 1 1 1 1
1 1 1 1 1 1 0 1 1 1 1 1 1 1
1 1 1 1 1 1 1 0 1 1 1 1 1 1
1 1 1 1 1 1 1 1 0 1 1 1 1 1
1 1 1 1 1 1 1 1 1 0 1 1 1 1
1 1 1 1 1 1 1 1 1 1 0 1 1 1
1 1 1 1 1 1 1 1 1 1 1 0 1 1
1 1 1 1 1 1 1 1 1 1 1 1 0 1
1 1 1 1 1 1 1 1 1 1 1 1 1 0