N:14
T:3
C:3

D:
0	80.02	63.3	70.03	63.69	69.6	64.53	86.7	59.47	74.62	68.31	85.2	70.82	63.6
80.02	0	29.32	11.33	32.79	14.45	22.37	12.59	23.73	5.56	17.21	7.12	12.81	19.11
63.3	29.32	0	19.05	17.05	15.02	7.45	28.17	10.98	24.83	12.19	30.05	16.61	12.86
70.03	11.33	19.05	0	22.81	4.4	11.69	17.25	12.4	6.04	7.08	15.21	11.22	7.78
63.69	32.79	17.05	22.81	0	18.67	11.3	30.63	14.68	28.49	15.84	33.03	20.22	16.75
69.6	14.45	15.02	4.4	18.67	0	7.92	17.11	10.42	9.82	11.22	16.64	13.33	6.01
64.53	22.37	7.45	11.69	11.3	7.92	0	23.33	6.04	17.59	5.22	24.05	9.57	5.71
86.7	12.59	28.17	17.25	30.63	17.11	23.33	0	27.42	15.03	18.68	6.12	15.9	23.12
59.47	23.73	10.98	12.4	14.68	10.42	6.04	27.42	0	18.33	8.85	26.97	11.87	4.66
74.62	5.56	24.83	6.04	28.49	9.82	17.59	15.03	18.33	0	12.65	11.1	8.29	13.77
68.31	17.21	12.19	7.08	15.84	11.22	5.22	18.68	8.85	12.65	0	18.92	4.43	5.21
85.2	7.12	30.05	15.21	33.03	16.64	24.05	6.12	26.97	11.1	18.92	0	15.11	22.36
70.82	12.81	16.61	11.22	20.22	13.33	9.57	15.9	11.87	8.29	4.43	15.11	0	7.33
63.6	19.11	12.86	7.78	16.75	6.01	5.71	23.12	4.66	13.77	5.21	22.36	7.33	0

Times:
0	438.77
438.77	877.54
877.54	1316.31

Speed:
0.22	0.44	0.22
0.3	0.6	0.3
0.415	0.83	0.415

S:
0 14 4 18 2 6 20 13 5 3 9 1 17 11
Cost:
436.562
CT:
0.14
C:
0 3 3 3 3 3 3 3 3 3 3 3 3 3
2 0 2 2 2 2 2 2 2 2 2 2 2 2
1 1 0 1 1 1 1 1 1 1 1 1 1 1
1 1 1 0 1 1 1 1 1 1 1 1 1 1
2 2 2 2 0 2 2 2 2 2 2 2 2 2
1 1 1 1 1 0 1 1 1 1 1 1 1 1
1 1 1 1 1 1 0 1 1 1 1 1 1 1
2 2 2 2 2 2 2 0 2 2 2 2 2 2
1 1 1 1 1 1 1 1 0 1 1 1 1 1
1 1 1 1 1 1 1 1 1 0 1 1 1 1
1 1 1 1 1 1 1 1 1 1 0 1 1 1
2 2 2 2 2 2 2 2 2 2 2 0 2 2
1 1 1 1 1 1 1 1 1 1 1 1 0 1
1 1 1 1 1 1 1 1 1 1 1 1 1 0