N:14
T:3
C:3

D:
0	103.74	58.8	67.8	74.76	80.86	72.28	67.85	54.86	77.82	82.83	94.9	74.88	86.76
103.74	0	45.27	35.97	50.98	29.07	47.56	35.9	67.46	27.26	24.05	27.56	37.18	17
58.8	45.27	0	9.63	31.44	28.64	26.15	9.8	31.48	22	24.38	43.78	20.72	28.5
67.8	35.97	9.63	0	33.6	20.35	28.17	10.69	38.93	12.78	17.27	35.09	19.24	19.04
74.76	50.98	31.44	33.6	0	52	5.45	33.93	21.97	43.37	28.76	64.51	16	40.77
80.86	29.07	28.64	20.35	52	0	46.78	20.04	59.27	8.64	26.51	15.24	36.19	16.82
72.28	47.56	26.15	28.17	5.45	46.78	0	28.5	21.92	38.17	24.49	59.6	11.2	36.24
67.85	35.9	9.8	10.69	33.93	20.04	28.5	0	39.23	12.52	17.4	34.81	19.55	18.95
54.86	67.46	31.48	38.93	21.97	59.27	21.92	39.23	0	51.48	43.44	73.92	30.44	53.56
77.82	27.26	22	12.78	43.37	8.64	38.17	12.52	51.48	0	18.51	22.44	27.55	11.41
82.83	24.05	24.38	17.27	28.76	26.51	24.49	17.4	43.44	18.51	0	36.59	13.49	12.17
94.9	27.56	43.78	35.09	64.51	15.24	59.6	34.81	73.92	22.44	36.59	0	48.52	24.56
74.88	37.18	20.72	19.24	16	36.19	11.2	19.55	30.44	27.55	13.49	48.52	0	25.05
86.76	17	28.5	19.04	40.77	16.82	36.24	18.95	53.56	11.41	12.17	24.56	25.05	0

Times:
0	535.93
535.93	1071.86
1071.86	1607.79

Speed:
0.22	0.44	0.22
0.3	0.6	0.3
0.415	0.83	0.415

S:
0 17 2 20 19 3 14 7 9 5 11 18 1 15
Cost:
451.997
CT:
0.19
C:
0 3 3 3 3 3 3 3 3 3 3 3 3 3
3 0 3 3 3 3 3 3 3 3 3 3 3 3
1 1 0 1 1 1 1 1 1 1 1 1 1 1
1 1 1 0 1 1 1 1 1 1 1 1 1 1
3 3 3 3 0 3 3 3 3 3 3 3 3 3
3 3 3 3 3 0 3 3 3 3 3 3 3 3
2 2 2 2 2 2 0 2 2 2 2 2 2 2
1 1 1 1 1 1 1 0 1 1 1 1 1 1
3 3 3 3 3 3 3 3 0 3 3 3 3 3
2 2 2 2 2 2 2 2 2 0 2 2 2 2
1 1 1 1 1 1 1 1 1 1 0 1 1 1
3 3 3 3 3 3 3 3 3 3 3 0 3 3
1 1 1 1 1 1 1 1 1 1 1 1 0 1
2 2 2 2 2 2 2 2 2 2 2 2 2 0