N:12
T:3
C:3

D:
0	72.63	74.79	72.2	58.83	63.72	60.23	93.42	74.53	72.3	90.57	63.74
72.63	0	15.08	10.95	14.16	10.51	12.56	29.9	17.96	13.23	22.01	11.07
74.79	15.08	0	12.55	23.05	22.5	18.6	19.27	13.02	16.67	16.22	13.25
72.2	10.95	12.55	0	14.45	11.63	11.97	28.17	15.39	12.28	20.84	9.43
58.83	14.16	23.05	14.45	0	5.3	4.89	41.49	24.85	13.59	35.11	10.17
63.72	10.51	22.5	11.63	5.3	0	7.77	39.72	24.8	9.51	32.4	11.39
60.23	12.56	18.6	11.97	4.89	7.77	0	37.44	20.19	12.55	31.76	5.42
93.42	29.9	19.27	28.17	41.49	39.72	37.44	0	18.96	31.38	10	32.28
74.53	17.96	13.02	15.39	24.85	24.8	20.19	18.96	0	19.53	17.53	14.76
72.3	13.23	16.67	12.28	13.59	9.51	12.55	31.38	19.53	0	23.3	11.76
90.57	22.01	16.22	20.84	35.11	32.4	31.76	10	17.53	23.3	0	27.22
63.74	11.07	13.25	9.43	10.17	11.39	5.42	32.28	14.76	11.76	27.22	0

Times:
0	604.22
604.22	1208.44
1208.44	1812.66

Speed:
0.22	0.44	0.22
0.3	0.6	0.3
0.415	0.83	0.415

S:
0 22 15 28 5 18 9 26 16 3 30 13
Cost:
641.839
CT:
0.38
C:
0 3 3 3 3 3 3 3 3 3 3 3
1 0 1 1 1 1 1 1 1 1 1 1
1 1 0 1 1 1 1 1 1 1 1 1
1 1 1 0 1 1 1 1 1 1 1 1
1 1 1 1 0 1 1 1 1 1 1 1
1 1 1 1 1 0 1 1 1 1 1 1
1 1 1 1 1 1 0 1 1 1 1 1
3 3 3 3 3 3 3 0 3 3 3 3
1 1 1 1 1 1 1 1 0 1 1 1
1 1 1 1 1 1 1 1 1 0 1 1
2 2 2 2 2 2 2 2 2 2 0 2
1 1 1 1 1 1 1 1 1 1 1 0